0.68087,2.3259,4.9085,0.54998,0
4.1962,0.74493,0.83256,0.753,0
6.0919,2.9673,-1.3267,1.4551,0
1.3234,3.2964,0.2362,-0.11984,0
1.3264,1.0326,5.6566,-0.41337,0
-0.16735,7.6274,1.2061,-3.6241,0
-1.3,10.2678,-2.953,-5.8638,0
-2.2261,12.5398,2.9438,-3.5258,0
2.4196,6.4665,-0.75688,0.228,0
1.0987,0.6394,5.989,-0.58277,0
4.6464,10.5326,-4.5852,-4.206,0
-0.36038,4.1158,3.1143,-0.37199,0
1.3562,3.2136,4.3465,0.78662,0
0.5706,-0.0248,1.2421,-0.5621,0
-2.6479,10.1374,-1.331,-5.4707,0
3.1219,-3.137,1.9259,-0.37458,0
5.4944,1.5478,0.041694,1.9284,0
-1.3389,1.552,7.0806,1.031,0
-2.3361,11.9604,3.0835,-5.4435,0
2.2596,-0.033118,4.7355,-0.2776,0
0.46901,-0.63321,7.3848,0.36507,0
0.57461,10.1105,-1.6917,-4.3922,0
0.5734,9.1938,-0.9094,-1.872,0
5.2868,3.257,-1.3721,1.1668,0
4.0102,10.6568,-4.1388,-5.0646,0
4.1425,-3.6792,3.8281,1.6297,0
3.0934,-2.9177,2.2232,0.22283,0
2.2034,5.9947,0.53009,0.84998,0
3.744,0.79459,0.95851,1.0077,0
3.0329,2.2948,2.1135,0.35084,0
3.7731,7.2073,-1.6814,-0.94742,0
3.1557,2.8908,0.59693,0.79825,0
1.8114,7.6067,-0.9788,-2.4668,0
4.988,7.2052,-3.2846,-1.1608,0
2.483,6.6155,-0.79287,-0.90863,0
1.594,4.7055,1.3758,0.081882,0
-0.016103,9.7484,0.15394,-1.6134,0
3.8496,9.7939,-4.1508,-4.4582,0
0.9297,-3.7971,4.6429,-0.2957,0
4.9342,2.4107,-0.17594,1.6245,0
3.8417,10.0215,-4.2699,-4.9159,0
5.3915,9.9946,-3.8081,-3.3642,0
4.4072,-0.070365,2.0416,1.1319,0
2.6946,6.7976,-0.40301,0.44912,0
5.2756,0.13863,0.12138,1.1435,0
3.4312,6.2637,-1.9513,-0.36165,0
4.052,-0.16555,0.45383,0.51248,0
1.3638,-4.7759,8.4182,-1.8836,0
0.89566,7.7763,-2.7473,-1.9353,0
1.9265,7.7557,-0.16823,-3.0771,0
0.20977,-0.46146,7.7267,0.90946,0
4.068,-2.9363,2.1992,0.50084,0
2.877,-4.0599,3.6259,-0.32544,0
0.3223,-0.89808,8.0883,0.69222,0
-1.3,10.2678,-2.953,-5.8638,0
1.7747,-6.4334,8.15,-0.89828,0
1.3419,-4.4221,8.09,-1.7349,0
0.89606,10.5471,-1.4175,-4.0327,0
0.44125,2.9487,4.3225,0.7155,0
3.2422,6.2265,0.12224,-1.4466,0
2.5678,3.5136,0.61406,-0.40691,0
-2.2153,11.9625,0.078538,-7.7853,0
4.1349,6.1189,-2.4294,-0.19613,0
1.934,-9.2828e-06,4.816,-0.33967,0
2.5068,1.1588,3.9249,0.12585,0
2.1464,6.0795,-0.5778,-2.2302,0
0.051979,7.0521,-2.0541,-3.1508,0
1.2706,8.035,-0.19651,-2.1888,0
1.143,0.83391,5.4552,-0.56984,0
2.2928,9.0386,-3.2417,-1.2991,0
0.3292,-4.4552,4.5718,-0.9888,0
2.9719,6.8369,-0.2702,0.71291,0
1.6849,8.7489,-1.2641,-1.3858,0
-1.9177,11.6894,2.5454,-3.2763,0
2.3729,10.4726,-3.0087,-3.2013,0
1.0284,9.767,-1.3687,-1.7853,0
0.27451,9.2186,-3.2863,-4.8448,0
1.6032,-4.7863,8.5193,-2.1203,0
4.616,10.1788,-4.2185,-4.4245,0
4.2478,7.6956,-2.7696,-1.0767,0
4.0215,-2.7004,2.4957,0.36636,0
5.0297,-4.9704,3.5025,-0.23751,0
1.5902,2.2948,3.2403,0.18404,0
2.1274,5.1939,-1.7971,-1.1763,0
1.1811,8.3847,-2.0567,-0.90345,0
0.3292,-4.4552,4.5718,-0.9888,0
5.7353,5.2808,-2.2598,0.075416,0
2.6718,5.6574,0.72974,-1.4892,0
1.5799,-4.7076,7.9186,-1.5487,0
2.9499,2.2493,1.3458,-0.037083,0
0.5195,-3.2633,3.0895,-0.9849,0
3.7352,9.5911,-3.9032,-3.3487,0
-1.7344,2.0175,7.7618,0.93532,0
3.884,10.0277,-3.9298,-4.0819,0
3.5257,1.2829,1.9276,1.7991,0
4.4549,2.4976,1.0313,0.96894,0
-0.16108,-6.4624,8.3573,-1.5216,0
4.2164,9.4607,-4.9288,-5.2366,0
3.5152,6.8224,-0.67377,-0.46898,0
1.6988,2.9094,2.9044,0.11033,0
1.0607,2.4542,2.5188,-0.17027,0
2.0421,1.2436,4.2171,0.90429,0
3.5594,1.3078,1.291,1.6556,0
3.0009,5.8126,-2.2306,-0.66553,0
3.9294,1.4112,1.8076,0.89782,0
3.4667,-4.0724,4.2882,1.5418,0
3.966,3.9213,0.70574,0.33662,0
1.0191,2.33,4.9334,0.82929,0
2.6917,10.8161,-3.3,-4.2888,0
-2.3242,11.5176,1.8231,-5.375,0
2.7161,-4.2006,4.1914,0.16981,0
3.3848,3.2674,0.90967,0.25128,0
1.7452,4.8028,2.0878,0.62627,0
2.805,0.57732,1.3424,1.2133,0
5.7823,5.5788,-2.4089,-0.056479,0
3.8999,1.734,1.6011,0.96765,0
3.5189,6.332,-1.7791,-0.020273,0
3.2294,7.7391,-0.37816,-2.5405,0
3.4985,3.1639,0.22677,-0.1651,0
2.1948,1.3781,1.1582,0.85774,0
2.2526,9.9636,-3.1749,-2.9944,0
4.1529,-3.9358,2.8633,-0.017686,0
0.74307,11.17,-1.3824,-4.0728,0
1.9105,8.871,-2.3386,-0.75604,0
-1.5055,0.070346,6.8681,-0.50648,0
0.58836,10.7727,-1.3884,-4.3276,0
3.2303,7.8384,-3.5348,-1.2151,0
-1.9922,11.6542,2.6542,-5.2107,0
2.8523,9.0096,-3.761,-3.3371,0
4.2772,2.4955,0.48554,0.36119,0
1.5099,0.039307,6.2332,-0.30346,0
5.4188,10.1457,-4.084,-3.6991,0
0.86202,2.6963,4.2908,0.54739,0
3.8117,10.1457,-4.0463,-4.5629,0
0.54777,10.3754,-1.5435,-4.1633,0
2.3718,7.4908,0.015989,-1.7414,0
-2.4953,11.1472,1.9353,-3.4638,0
4.6361,-2.6611,2.8358,1.1991,0
-2.2527,11.5321,2.5899,-3.2737,0
3.7982,10.423,-4.1602,-4.9728,0
-0.36279,8.2895,-1.9213,-3.3332,0
2.1265,6.8783,0.44784,-2.2224,0
0.86736,5.5643,1.6765,-0.16769,0
3.7831,10.0526,-3.8869,-3.7366,0
-0.60254,1.7237,-2.1501,-0.77027,1
-2.1059,1.1815,-0.53324,-0.82716,1
-2.0441,1.2271,0.18564,-1.091,1
-1.5621,-2.2121,4.2591,0.27972,1
-3.2305,-7.2135,11.6433,-0.94613,1
-4.8426,-4.9932,10.4052,-0.53104,1
-2.3147,3.6668,-0.6969,-1.2474,1
-0.11716,0.60422,-0.38587,-0.059065,1
-2.0066,-6.719,9.0162,0.099985,1
-3.6961,-13.6779,17.5795,-2.6181,1
-3.6012,-6.5389,10.5234,-0.48967,1
-2.6286,0.18002,1.7956,0.97282,1
-0.82601,2.9611,-1.2864,-1.4647,1
0.31803,-0.99326,1.0947,0.88619,1
-1.4454,-8.4385,8.8483,0.96894,1
-3.1423,-13.0365,15.6773,-0.66165,1
-2.5373,-6.959,8.8054,1.5289,1
-1.366,0.18416,0.90539,1.5806,1
-1.7064,3.3088,-2.2829,-2.1978,1
-0.41965,2.9094,-1.7859,-2.2069,1
0.37637,-0.82358,0.78543,0.74524,1
-0.55355,-7.9233,6.7156,0.74394,1
-1.6001,-9.5828,9.4044,0.081882,1
-0.37013,-5.554,4.7749,1.547,1
0.12126,0.22347,-0.47327,0.97024,1
-0.27068,3.2674,-3.5562,-3.0888,1
-5.119,6.6486,-0.049987,-6.5206,1
-1.3946,2.3134,-0.44499,-1.4905,1
-0.69879,-3.3771,4.1211,1.5043,1
-1.48,-10.5244,9.9176,-0.5026,1
-2.6649,-12.813,12.6689,-1.9082,1
-0.62684,-6.301,4.7843,1.106,1
0.518,0.25865,-0.84085,0.96118,1
0.64376,3.764,-4.4738,-4.0483,1
-2.9821,4.1986,-0.5898,-3.9642,1
-1.4628,-1.5706,2.4357,0.49826,1
-1.7101,-8.7903,7.9735,-0.45475,1
-1.5572,-9.8808,8.1088,-1.0806,1
0.74428,-3.7723,1.6131,1.5754,1
2.0177,1.7982,-2.9581,0.2099,1
1.164,3.913,-4.5544,-3.8672,1
-4.3667,6.0692,0.57208,-5.4668,1
-2.5919,-1.0553,3.8949,0.77757,1
-1.8046,-6.8141,6.7019,1.1681,1
-0.71868,-5.7154,3.8298,1.0233,1
1.4378,0.66837,-2.0267,1.0271,1
2.1943,4.5503,-4.976,-2.7254,1
0.7376,4.8525,-4.7986,-5.6659,1
-5.637,8.1261,0.13081,-5.0142,1
-3.0193,1.7775,0.73745,-0.45346,1
-1.6706,-2.09,1.584,0.71162,1
-0.1269,-1.1505,-0.95138,0.57843,1
1.2198,2.0982,-3.1954,0.12843,1
1.4501,3.6067,-4.0557,-1.5966,1
-0.40857,3.0977,-2.9607,-2.6892,1
-3.8952,3.8157,-0.31304,-3.8194,1
-6.3679,8.0102,0.4247,-3.2207,1
-4.1429,2.7749,0.68261,-0.71984,1
-2.6864,-0.097265,0.61663,0.061192,1
-1.0555,0.79459,-1.6968,-0.46768,1
-0.29858,2.4769,-2.9512,-0.66165,1
-0.49948,1.7734,-2.2469,-0.68104,1
-1.9881,0.99945,-0.28562,-0.70044,1
-1.9389,1.5706,0.045979,-1.122,1
-1.4375,-1.8624,4.026,0.55127,1
-3.1875,-7.5756,11.8678,-0.57889,1
-4.6765,-5.6636,10.969,-0.33449,1
-2.0285,3.8468,-0.63435,-1.175,1
0.26637,0.73252,-0.67891,0.03533,1
-1.7589,-6.4624,8.4773,0.31981,1
-3.5985,-13.6593,17.6052,-2.4927,1
-3.3582,-7.2404,11.4419,-0.57113,1
-2.3629,-0.10554,1.9336,1.1358,1
-2.1802,3.3791,-1.2256,-2.6621,1
-0.40951,-0.15521,0.060545,-0.088807,1
-2.2918,-7.257,7.9597,0.9211,1
-4.0214,-12.8006,15.6199,-0.95647,1
-3.3884,-8.215,10.3315,0.98187,1
-2.0046,-0.49457,1.333,1.6543,1
-1.7063,2.7956,-2.378,-2.3491,1
-1.6386,3.3584,-1.7302,-3.5646,1
-0.41645,0.32487,-0.33617,-0.36036,1
-1.5877,-6.6072,5.8022,0.31593,1
-2.5961,-9.349,9.7942,-0.28018,1
-1.5228,-6.4789,5.7568,0.87325,1
-0.53072,-0.097265,-0.21793,1.0426,1
-0.49081,2.8452,-3.6436,-3.1004,1
-6.5773,6.8017,0.85483,-7.5344,1
-2.4621,2.7645,-0.62578,-2.8573,1
-1.3995,-1.9162,2.5154,0.59912,1
-2.3221,-9.3304,9.233,-0.79871,1
-3.73,-12.9723,12.9817,-2.684,1
-1.6988,-7.1163,5.7902,0.16723,1
-0.26654,-0.64562,-0.42014,0.89136,1
0.33325,3.3108,-4.5081,-4.012,1
-4.2091,4.7283,-0.49126,-5.2159,1
-2.3142,-0.68494,1.9833,-0.44829,1
-2.4835,-7.4494,6.8964,-0.64484,1
-2.7611,-10.5099,9.0239,-1.9547,1